reaction	linear_coefficient
3PEPTabcpp	0.0011910845696234953
4PEPTabcpp	0.00013981912028196867
12PPDt	0.007770634192444953
TYROXDApp	0.005343400563021705
42A12BOOXpp	0.005343400563021705
PEAMNOpp	0.005343400563021705
13PPDH	0.01085151382326765
ARGDCpp	0.0017147036802108288
4HTHRS	7.35040064015392e-05
THRS	7.35040064015392e-05
ARGORNt7pp	0.008800101875175374
ARGSS	7.910186447843496e-05
ARGSL	7.910186447843496e-05
MALTTRabcpp	0.002217891834580538
MALTTTRabcpp	0.002217891834580538
MALTHXabcpp	0.002217891834580538
14GLUCANabcpp	0.002217891834580538
MALTPTabcpp	0.002217891834580538
MALTabcpp	0.002217891834580538
MALTHXtexi	0.0020829529111278337
MALTTTRtexi	0.0020829529111278337
GLCtex_copy2	0.0020829529111278337
MALTPTtexi	0.0020829529111278337
MALTtexi	0.0020829529111278337
14GLUCANtexi	0.0020829529111278337
MALTTRtexi	0.0020829529111278337
AGM4PCP	0.002895114268663923
4PCP	0.002895114268663923
AM4PCP	0.002895114268663923
UM4PCP	0.002895114268663923
PTRCtex	2.4823271860433582e-05
TYMtex	2.4823271860433582e-05
GLCNtex	2.4823271860433582e-05
PNTOtex	2.4823271860433582e-05
THRPtex	2.4823271860433582e-05
GLYCtex	2.4823271860433582e-05
XANtex	2.4823271860433582e-05
TYRPtex	2.4823271860433582e-05
G3PItex	2.4823271860433582e-05
DOPAtex	2.4823271860433582e-05
PEAMNtex	2.4823271860433582e-05
PSCLYStex	2.4823271860433582e-05
CU2tex	2.4823271860433582e-05
GLCtex_copy1	2.4823271860433582e-05
GLCURtex	2.4823271860433582e-05
GLYCLTtex	2.4823271860433582e-05
UREAtex	2.4823271860433582e-05
UDPACGALtex	2.4823271860433582e-05
23CUMPtex	2.4823271860433582e-05
XTSNtex	2.4823271860433582e-05
CSNtex	2.4823271860433582e-05
23CCMPtex	2.4823271860433582e-05
CRNtex	2.4823271860433582e-05
DGMPtex	2.4823271860433582e-05
H2tex	2.4823271860433582e-05
CUtex	2.4823271860433582e-05
RIBtex	2.4823271860433582e-05
DTMPtex	2.4823271860433582e-05
3GMPtex	2.4823271860433582e-05
ETHAtex	2.4823271860433582e-05
GDPtex	2.4823271860433582e-05
RMNtex	2.4823271860433582e-05
Ktex	2.4823271860433582e-05
23CGMPtex	2.4823271860433582e-05
PHEtex	2.4823271860433582e-05
THRtex	2.4823271860433582e-05
3UMPtex	2.4823271860433582e-05
MNtex	2.4823271860433582e-05
THYMtex	2.4823271860433582e-05
UMPtex	2.4823271860433582e-05
XYLUtex	2.4823271860433582e-05
DSERtex	2.4823271860433582e-05
GTHRDtex	2.4823271860433582e-05
SERtex	2.4823271860433582e-05
ACGAL1Ptex	2.4823271860433582e-05
CLtex	2.4823271860433582e-05
CYSDtex	2.4823271860433582e-05
MOBDtex	2.4823271860433582e-05
TYRtex	2.4823271860433582e-05
ANHGMtex	2.4823271860433582e-05
3CMPtex	2.4823271860433582e-05
LCTStex	2.4823271860433582e-05
MANtex	2.4823271860433582e-05
PPAtex	2.4823271860433582e-05
SULFACtex	2.4823271860433582e-05
D_LACtex	2.4823271860433582e-05
MALtex	2.4823271860433582e-05
GLNtex	2.4823271860433582e-05
PACALDtex	2.4823271860433582e-05
OCTAtex	2.4823271860433582e-05
PYRtex	2.4823271860433582e-05
ORNtex	2.4823271860433582e-05
XYLtex	2.4823271860433582e-05
ALAtex	2.4823271860433582e-05
ETHSO3tex	2.4823271860433582e-05
GLCUR1Ptex	2.4823271860433582e-05
OROTtex	2.4823271860433582e-05
LEUtex	2.4823271860433582e-05
23CAMPtex	2.4823271860433582e-05
GLYCAtex	2.4823271860433582e-05
UACGAMtex	2.4823271860433582e-05
3AMPtex	2.4823271860433582e-05
ARGtex	2.4823271860433582e-05
PSERtex	2.4823271860433582e-05
AMPtex	2.4823271860433582e-05
GLCRtex	2.4823271860433582e-05
CYANtex	2.4823271860433582e-05
TARTRtex	2.4823271860433582e-05
CYNTtex	2.4823271860433582e-05
Zn2tex	2.4823271860433582e-05
MANGLYCtex	2.4823271860433582e-05
34dhpactex	2.4823271860433582e-05
BUTtex	2.4823271860433582e-05
MAN6Ptex	2.4823271860433582e-05
PROtex	2.4823271860433582e-05
PPTtex	2.4823271860433582e-05
PItex	2.4823271860433582e-05
TMAOtex	2.4823271860433582e-05
ETOHtex	2.4823271860433582e-05
PPALtex	2.4823271860433582e-05
VALtex	2.4823271860433582e-05
GTHOXtex	2.4823271860433582e-05
GSNtex	2.4823271860433582e-05
GLYC3Ptex	2.4823271860433582e-05
TMAtex	2.4823271860433582e-05
4HOXPACDtex	2.4823271860433582e-05
MNLtex	2.4823271860433582e-05
URAtex	2.4823271860433582e-05
N2Otex	2.4823271860433582e-05
DMSOtex	2.4823271860433582e-05
SBTtex	2.4823271860433582e-05
26DAHtex	2.4823271860433582e-05
R5Ptex	2.4823271860433582e-05
DMStex	2.4823271860433582e-05
BUTSO3tex	2.4823271860433582e-05
NAtex	2.4823271860433582e-05
23DAPPAtex	2.4823271860433582e-05
NACtex	2.4823271860433582e-05
TAURtex	2.4823271860433582e-05
CD2tex	2.4823271860433582e-05
SKMtex	2.4823271860433582e-05
XMPtex	2.4823271860433582e-05
CHLtex	2.4823271860433582e-05
G3PStex	2.4823271860433582e-05
TCYNTtex	2.4823271860433582e-05
PROGLYtex	2.4823271860433582e-05
MSO3tex	2.4823271860433582e-05
MALDtex	2.4823271860433582e-05
INSTtex	2.4823271860433582e-05
GTPtex	2.4823271860433582e-05
ACGAtex	2.4823271860433582e-05
F6Ptex	2.4823271860433582e-05
ASNtex	2.4823271860433582e-05
DCAtex	2.4823271860433582e-05
SO2tex	2.4823271860433582e-05
G3PCtex	2.4823271860433582e-05
METtex	2.4823271860433582e-05
O2Stex	2.4823271860433582e-05
ISETACtex	2.4823271860433582e-05
SO4tex	2.4823271860433582e-05
CO2tex	2.4823271860433582e-05
SO3tex	2.4823271860433582e-05
DIMPtex	2.4823271860433582e-05
GAL1Ptex	2.4823271860433582e-05
HXAtex	2.4823271860433582e-05
HG2tex	2.4823271860433582e-05
4PEPTtex	2.4823271860433582e-05
GALCTNLtex	2.4823271860433582e-05
TREtex	2.4823271860433582e-05
ACALDtex	2.4823271860433582e-05
HOMtex	2.4823271860433582e-05
METSOX1tex	2.4823271860433582e-05
ACGALtex	2.4823271860433582e-05
ASCBtex	2.4823271860433582e-05
5DGLCNtex	2.4823271860433582e-05
METSOX2tex	2.4823271860433582e-05
MMETtex	2.4823271860433582e-05
ACSERtex	2.4823271860433582e-05
ALLtex	2.4823271860433582e-05
FUMtex	2.4823271860433582e-05
H2Stex	2.4823271860433582e-05
MELIBtex	2.4823271860433582e-05
ASPtex	2.4823271860433582e-05
G3PEtex	2.4823271860433582e-05
IDONtex	2.4823271860433582e-05
LYStex	2.4823271860433582e-05
HYXNtex	2.4823271860433582e-05
ACGAM1Ptex	2.4823271860433582e-05
DGSNtex	2.4823271860433582e-05
GAMAN6Ptex	2.4823271860433582e-05
G6Ptex	2.4823271860433582e-05
MG2tex	2.4823271860433582e-05
ALAALAtex	2.4823271860433582e-05
COBALT2tex	2.4823271860433582e-05
FE3tex	2.4823271860433582e-05
GLYC2Ptex	2.4823271860433582e-05
BALAtex	2.4823271860433582e-05
HPPPNtex	2.4823271860433582e-05
DCMPtex	2.4823271860433582e-05
FRULYStex	2.4823271860433582e-05
O2tex	2.4823271860433582e-05
GALCTtex	2.4823271860433582e-05
GALBDtex	2.4823271860433582e-05
UDPGLCURtex	2.4823271860433582e-05
TRPtex	2.4823271860433582e-05
DAMPtex	2.4823271860433582e-05
SPMDtex	2.4823271860433582e-05
FRUURtex	2.4823271860433582e-05
G3PGtex	2.4823271860433582e-05
GLYtex	2.4823271860433582e-05
LYXtex	2.4823271860433582e-05
HIStex	2.4823271860433582e-05
UDPGALtex	2.4823271860433582e-05
GALCTNtex	2.4823271860433582e-05
GMPtex	2.4823271860433582e-05
GALtex	2.4823271860433582e-05
IMPtex	2.4823271860433582e-05
DDGLCNtex	2.4823271860433582e-05
DUMPtex	2.4823271860433582e-05
GLYALDtex	2.4823271860433582e-05
GALURtex	2.4823271860433582e-05
INDOLEtex	2.4823271860433582e-05
ACtex	2.4823271860433582e-05
DAPtex	2.4823271860433582e-05
HCINNMtex	2.4823271860433582e-05
ADEtex	2.4823271860433582e-05
DALAtex	2.4823271860433582e-05
FUCtex	2.4823271860433582e-05
METDtex	2.4823271860433582e-05
ACMUMtex	2.4823271860433582e-05
H2O2tex	2.4823271860433582e-05
NMNtex	2.4823271860433582e-05
TSULtex	2.4823271860433582e-05
FALDtex	2.4823271860433582e-05
THMDtex	2.4823271860433582e-05
3PEPTtex	2.4823271860433582e-05
NO3tex	2.4823271860433582e-05
FE2tex	2.4823271860433582e-05
CYStex	2.4823271860433582e-05
FORtex	2.4823271860433582e-05
CGLYtex	2.4823271860433582e-05
ILEtex	2.4823271860433582e-05
AKGtex	2.4823271860433582e-05
NOtex	2.4823271860433582e-05
THMtex	2.4823271860433582e-05
DHAtex	2.4823271860433582e-05
DINStex	2.4823271860433582e-05
NI2tex	2.4823271860433582e-05
UDPGtex	2.4823271860433582e-05
AGMtex	2.4823271860433582e-05
ASO3tex	2.4823271860433582e-05
FRUtex	2.4823271860433582e-05
ABUTtex	2.4823271860433582e-05
G1Ptex	2.4823271860433582e-05
GAMtex	2.4823271860433582e-05
NO2tex	2.4823271860433582e-05
Htex	2.4823271860433582e-05
CA2tex	2.4823271860433582e-05
GLYBtex	2.4823271860433582e-05
H2Otex	2.197994855000577e-05
NH4tex	2.4823271860433582e-05
GLUtex	2.4823271860433582e-05
PPPNtex	2.4823271860433582e-05
SUCCtex	2.4823271860433582e-05
ARBtex	2.4823271860433582e-05
L_LACtex	2.4823271860433582e-05
TUNGStex	2.4823271860433582e-05
ACMANAtex	2.4823271860433582e-05
CMPtex	2.4823271860433582e-05
CYTDtex	2.4823271860433582e-05
GALTtex	2.4823271860433582e-05
ARGTRS	0.0007862698096427154
5DOAN	0.0004392135633501701
MTAN	0.0004392135633501701
A5PISO	0.0012111895740002326
AACPS5	2.8370330282589463e-05
AACPS6	2.8370330282589463e-05
AACPS7	2.8370330282589463e-05
MCOATA	2.8370330282589463e-05
AACPS1	2.8370330282589463e-05
AACPS3	2.8370330282589463e-05
AACPS4	2.8370330282589463e-05
AACPS8	2.8370330282589463e-05
ACOATA	2.8370330282589463e-05
AACPS9	2.8370330282589463e-05
AACPS2	2.8370330282589463e-05
ECAP2pp	0.0012952863364356128
ECAP3pp	0.0012952863364356128
ECAP1pp	0.0012952863364356128
AADDGT	0.003907871839973121
AAMYL	0.002529797393411712
AAMYLpp	0.007413402061462855
LYSabcpp	0.0007257882976927924
ORNabcpp	0.0007257882976927924
ARGabcpp	7.557926758751103e-05
HISabcpp	8.324134065229784e-05
ARGt3pp	0.004871669083704483
LYSt3pp	0.004871669083704483
AB6PGH	0.0022902900396892805
APTNAT	0.006766711778207953
ABTA	0.006766711778207953
ASAD	6.039950499088508e-05
ABTDG	0.1865761825944161
ABUTD	0.005396431633408436
ABUTt2pp	0.009390294362417567
ALCD2x	3.0896131015258304e-05
ACALD	3.0896131015258304e-05
ACANTHAT	0.0036719181519433573
ACBIPGT	0.0028509001046449155
ADOCBIK	0.0028509001046449155
ACCOAC	7.016660167980313e-05
ASCBPL	0.00948614385353556
ASCBptspp	3.174954085052989e-05
23PDE7pp	0.004151506178842813
23PDE4pp	0.004151506178842813
3NTD9pp	0.004151506178842813
23PDE9pp	0.004151506178842813
3NTD4pp	0.004151506178842813
3NTD2pp	0.004151506178842813
3NTD7pp	0.004151506178842813
23PDE2pp	0.004151506178842813
2AGPE161tipp	0.0030126540695285175
2AGPG140tipp	0.0030126540695285175
2AGPA181tipp	0.0030126540695285175
2AGPG181tipp	0.0030126540695285175
2AGPA140tipp	0.0030126540695285175
2AGPA180tipp	0.0030126540695285175
2AGPE160tipp	0.0030126540695285175
2AGPA141tipp	0.0030126540695285175
2AGPA120tipp	0.0030126540695285175
2AGPE141tipp	0.0030126540695285175
2AGPE120tipp	0.0030126540695285175
2AGPG160tipp	0.0030126540695285175
2AGPG120tipp	0.0030126540695285175
2AGPG161tipp	0.0030126540695285175
2AGPA160tipp	0.0030126540695285175
2AGPE180tipp	0.0030126540695285175
2AGPG180tipp	0.0030126540695285175
2AGPA161tipp	0.0030126540695285175
2AGPE140tipp	0.0030126540695285175
2AGPE181tipp	0.0030126540695285175
2AGPG141tipp	0.0030126540695285175
ASNN	0.0006252946940503906
2AGPEAT140	0.0029326572694137465
2AGPEAT181	0.0029326572694137465
2AGPEAT180	0.0029326572694137465
2AGPGAT180	0.0029326572694137465
2AGPGAT120	0.0029326572694137465
2AGPEAT161	0.0029326572694137465
2AGPGAT181	0.0029326572694137465
2AGPEAT141	0.0029326572694137465
2AGPGAT160	0.0029326572694137465
2AGPGAT161	0.0029326572694137465
2AGPGAT141	0.0029326572694137465
2AGPGAT140	0.0029326572694137465
2AGPEAT120	0.0029326572694137465
2AGPEAT160	0.0029326572694137465
ACGAMK	0.0014684364154257015
ACGAMT	0.0015789707303306658
2DGLCNRy	0.0023272558073947334
GLYCLTDx	0.0020861463340480905
GLYCLTDy	0.0020861463340480905
HPYRRx	0.0020861463340480905
2DGULRy	0.0023272558073947334
HPYRRy	0.0020861463340480905
DKGLCNR2y	0.0023272558073947334
2DGLCNRx	0.0023272558073947334
2DGULRx	0.0023272558073947334
DKGLCNR2x	0.0023272558073947334
ACMUMptspp	3.174954085052989e-05
FRUpts2pp	3.174954085052989e-05
GAMptspp	3.174954085052989e-05
FRUptspp	3.174954085052989e-05
ACGAptspp	3.174954085052989e-05
DHAPT	3.174954085052989e-05
MALTptspp	3.174954085052989e-05
MNLptspp	3.174954085052989e-05
GLCptspp	3.174954085052989e-05
TREptspp	3.174954085052989e-05
GALTptspp	3.174954085052989e-05
ACMANAptspp	3.174954085052989e-05
SBTptspp	3.174954085052989e-05
MANptspp	3.174954085052989e-05
2INSD	0.009863243884952012
ASNNpp	0.0016926638441869223
GLUNpp	0.0016926638441869223
2MAHMP	0.0032844095959417563
TDP	0.0036457503944400927
ASNS1	0.0002619593578874516
3HAD141	9.000695920845535e-05
3HAD140	9.000695920845535e-05
3HAD180	9.000695920845535e-05
3HAD181	9.000695920845535e-05
3HAD40	9.000695920845535e-05
3HAD100	9.000695920845535e-05
3HAD121	9.000695920845535e-05
3HAD80	9.000695920845535e-05
3HAD160	9.000695920845535e-05
3HAD161	9.000695920845535e-05
3HAD60	9.000695920845535e-05
3HAD120	9.000695920845535e-05
ASNS2	0.0008131506239461864
ACGK	0.00011858985218327022
T2DECAI	0.00010841167390857791
ACGS	0.0002072799737233622
3HCINNMH	1.0
3HPPPNH	1.0
ASNTRS	7.273995163292143e-05
ACLS	8.47985068279214e-05
ilvg	8.47985068279214e-05
ACHBS	8.47985068279214e-05
ASNt2rpp	0.0015034875069961896
3OADPCOAT	0.013549737107027143
HXCT	0.03085723945491172
BUTCT	0.03085723945491172
ASO3t8pp	0.016593532680536444
ACKr	4.624039707600594e-05
PPAKr	0.0013472499161723394
TRE6PP	0.0013472499161723394
3OAR60	6.746856527087207e-05
3OAR161	6.746856527087207e-05
3OAR80	6.746856527087207e-05
3OAR181	6.746856527087207e-05
3OAR141	6.746856527087207e-05
3OAR40	6.746856527087207e-05
3OAR121	6.746856527087207e-05
3OAR180	6.746856527087207e-05
3OAR140	6.746856527087207e-05
3OAR120	6.746856527087207e-05
3OAR160	6.746856527087207e-05
3OAR100	6.746856527087207e-05
GART	0.0008743794624134147
KAS14	8.702241876018038e-05
3OAS181	8.702241876018038e-05
3OAS120	8.702241876018038e-05
3OAS180	8.702241876018038e-05
PYK	4.4648216445062465e-05
3OAS60	8.702241876018038e-05
3OAS140	8.702241876018038e-05
3OAS100	8.702241876018038e-05
3OAS80	8.702241876018038e-05
3OAS160	8.702241876018038e-05
ASP1DC	0.0017644870879809402
ASPCT	0.0004720965921912483
ACLDC	6.70765198886229e-05
MACPD	0.0001109352357590616
3OAS161	0.0001109352357590616
3OAS121	0.0001109352357590616
3OAS141	0.0001109352357590616
HSDy	6.797302509964432e-05
ASPK	6.797302509964432e-05
3OXCOAT	0.004880323347341543
ACACT1r	0.004880323347341543
ACMAMUT	0.002483888943263395
ACOAD2f	0.007213441308810602
ACOAD5f	0.007213441308810602
ACOAD6f	0.007213441308810602
ACOAD7f	0.007213441308810602
ACOAD3f	0.007213441308810602
ACOAD1f	0.007213441308810602
ACOAD4f	0.007213441308810602
ACOAD8f	0.007213441308810602
ASPO3	0.0005043694134141686
ASPO6	0.0005043694134141686
ASPO5	0.0005043694134141686
ASPO4	0.0005043694134141686
KAS15	0.0005277120000561879
NACODA	0.0009470390752304843
ACODA	0.0009470390752304843
ASPT	0.003283722330415595
ASPTA	8.080793966919844e-05
TYRTA	8.080793966919844e-05
PHETA1	8.080793966919844e-05
ACONMT	0.005069245948584891
ACONTa	0.00024492607746553954
ACONTb	0.00024492607746553954
ASPTRS	0.00014633075146166955
SOTA	0.0002184180526593121
ACOTA	0.0002184180526593121
SDPTA	0.0002184180526593121
GLUabcpp	0.0001407403104081522
ASPabcpp	0.0001407403104081522
ACPS1	0.0007260869533903416
ASPt2_2pp	0.005740596060735242
OROTt2_2pp	0.005740596060735242
FUMt2_2pp	0.005740596060735242
SUCCt2_2pp	0.005740596060735242
MALt2_2pp	0.005740596060735242
MALDt2_2pp	0.005740596060735242
ACS	0.018566150304151072
SUCFUMtpp	0.002233351969817209
ASPt2_3pp	0.0043484027530637
MALt2_3pp	0.0043484027530637
FUMt2_3pp	0.002233351969817209
SUCCt2_3pp	0.0043484027530637
CYStpp	0.0060308376067891335
ACSERtpp	0.0060308376067891335
ASPt2pp	0.0006945495828655499
GLUt2rpp	0.0006945495828655499
ACTD	4.685796815585027e-05
ACTDa	4.685796815585027e-05
AST	0.02291203603095266
GLYCLTt4pp	0.010428997043488814
ACt4pp	0.010428997043488814
DADA	0.0009022862921308019
ADA	0.0009022862921308019
LSERDHr	0.00024282000173171144
DSERDHr	0.00024282000173171144
ATHRDHr	0.00024282000173171144
ADCL	0.0031784263152213623
ADCPS1	0.003949343137760195
ADCS	0.002927033313931628
ATPPRT	0.0004846238219218509
GLUN	0.002754052054854999
ATPS4rpp	3.0152810168024863e-05
DHBD	0.005198482945265879
ADCYRS	0.003032425712143926
DHBS	0.00552825701794213
ADD	0.005799125238693867
DHCINDO	0.3049954803547462
HPPPNDO	0.3049954803547462
XANt2pp	0.0018614831607721993
ADEt2rpp	0.0018614831607721993
GUAt2pp	0.0018614831607721993
DHDPRy	0.0006123309892318526
NDPK6	7.11322665169264e-05
ADK1	7.11322665169264e-05
ADNK1	7.11322665169264e-05
NDPK3	7.11322665169264e-05
NDPK2	7.11322665169264e-05
NDPK5	7.11322665169264e-05
NDPK7	7.11322665169264e-05
ADK3	7.11322665169264e-05
NDPK8	7.11322665169264e-05
DADK	7.11322665169264e-05
ADK4	7.11322665169264e-05
NDPK1	7.11322665169264e-05
NDPK4	7.11322665169264e-05
DHDPS	5.8548372216691255e-05
ADMDC	0.0014346952193018043
ADNCYC	0.00012060863904913413
BETALDHy	0.007856172400515159
BETALDHx	0.007856172400515159
CYTDH	0.004050857727318593
ADNUC	0.004050857727318593
URIH	0.004050857727318593
XTSNH	0.004050857727318593
INSH	0.004050857727318593
BGLK	0.004734954536944873
DHEDAA	0.02887499703237973
DHFR	0.001655716653092384
THMDt2pp	0.0008596904441827407
DADNt2pp	0.0008596904441827407
ADNt2pp	0.0008596904441827407
DURIt2pp	0.0008596904441827407
URIt2pp	0.0008596904441827407
CYTDt2pp	0.0008596904441827407
DCYTt2pp	0.0008596904441827407
DINSt2pp	0.005371685972108022
DGSNt2pp	0.005371685972108022
GSNt2pp	0.005371685972108022
INSt2pp	0.005371685972108022
DHFS	0.0015214483395045587
BSORy	0.0023822200956581437
BSORx	0.0023822200956581437
DCYTtex	0.00019421604850313137
DURItex	0.00019421604850313137
INStex	0.00019421604850313137
ADNtex	0.00019421604850313137
URItex	0.00019421604850313137
DADNtex	0.00019421604850313137
GUAtex	0.00019421604850313137
BTS4	0.0003451530274717659
DHNAOT4	0.0025986276519617034
ADOCBLS	0.002795197412747851
CBIuabcpp	0.0015623570386076918
CBL1abcpp	0.0015623570386076918
ADOCBLabcpp	0.0015623570386076918
DHNPA2r	0.001710409739394286
ISETACabcpp	0.0016420278112345788
TAURabcpp	0.0016420278112345788
BUTSO3abcpp	0.0016420278112345788
SULFACabcpp	0.004896419141461669
MSO3abcpp	0.004896419141461669
ETHSO3abcpp	0.004896419141461669
DHORD5	0.00035034952755091237
DHORD2	0.00035034952755091237
DHORTS	0.001322565966157415
DHPACCOAHIT	0.025788344998312576
CBL1tonex	0.00012002767558345613
CBItonex	0.00012002767558345613
ADOCBLtonex	0.00012002767558345613
FEOXAMtonex	0.00012002767558345613
FECRMtonex	0.00012002767558345613
FE3HOXtonex	0.00012002767558345613
FE3DHBZStonex	0.00012002767558345613
FEENTERtonex	0.00012002767558345613
DHPDO	0.02795603171784567
BZ12DOX	0.013448611787988313
ADPRDP	0.0009510152009693495
DHPS2	0.0019755530250608415
ADPT	0.000499242864370646
BZDIOLDH	0.009097432046757392
ADSK	0.00023202417886997742
DHPTPE	0.0013512682633602308
ADSL1r	0.00018425292443889646
ADSL2r	0.00018425292443889646
DHQS	0.00013981687385823796
NAt3pp	0.0031863076455065473
Kt3pp	0.002884424429572194
CA2t3pp	0.00510724486348038
ADSS	6.530299871029791e-05
AGDC	0.0010521243068929076
CADVtpp	0.00827176739975949
AGM3PA	0.0012841067496182003
AM3PA	0.0012841067496182003
AM4PA	0.0012841067496182003
AGM4PA	0.0012841067496182003
DHQTi	0.00210209797921034
DKDID	0.005648269711102494
AGM4PApp	0.0009917526831179119
AGM3PApp	0.0009917526831179119
CAT	0.0001779641516783799
DMATT	0.0011205288793871037
GRTT	0.0011205288793871037
AGMH	0.0011905274987508783
AGM4PH	0.0011905274987508783
AGM3PH	0.0011905274987508783
DMPPS	0.0005463702509107829
IPDPS	0.0005463702509107829
CATDOX	0.17087309844932447
AGM3Pt2pp	0.002199032047327889
AGM4Pt2pp	0.002199032047327889
AGMt2pp	0.002199032047327889
CAt6pp	0.0013322284617322431
DMQMT	0.001417950815521759
OHPHM	0.001417950815521759
AGMHE	0.00024356439056866794
TMAOR1	0.000539210040305447
TMAOR2	0.000539210040305447
DMSOR2	0.000539210040305447
DMSOR1	0.000539210040305447
CBLAT	0.0010651109460582224
CBIAT	0.0010651109460582224
CYRDAAT	0.0010651109460582224
TYRt2rpp	0.0002717414393886177
PHEt2rpp	0.0002717414393886177
AGMPTRCtpp	0.0037579868784588214
CBPS	6.271887359164926e-05
AGMT	0.0017122101365378394
DNAMTn2r	0.0014631799397347817
AGPAT181	0.0008292778089514357
AGPAT140	0.0008292778089514357
AGPAT180	0.0008292778089514357
AGPAT161	0.0008292778089514357
AGPAT120	0.0008292778089514357
AGPAT141	0.0008292778089514357
AGPAT160	0.0008292778089514357
AGPR	0.00011718458994233603
NI2abcpp	0.0026965684048879035
CD2abcpp	0.0026965684048879035
HG2abcpp	0.0026965684048879035
ZN2abcpp	0.0026965684048879035
COBALT2abcpp	0.0026965684048879035
CU2abcpp	0.0026965684048879035
AGt3	0.01273033328303448
CUt3	0.01273033328303448
NTPP5	0.0002217723478058015
DNTPPA	0.0002217723478058015
ZN2t3pp	0.0015992103951494698
CD2t3pp	0.0015992103951494698
MN2t3pp	0.0015992103951494698
NI2t3pp	0.0015992103951494698
COBALT2t3pp	0.0015992103951494698
NTPP1	0.0020748153969574975
NTPP2	0.0020748153969574975
FE2t3pp	0.001965502797845175
HG2t3pp	0.001965502797845175
AHCi	0.0014028316447787833
GMHEPK	0.0035086178961249493
ZN2tpp	0.0035086178961249493
CD2tpp	0.0035086178961249493
CU2tpp	0.0035086178961249493
GMHEPAT	0.0035086178961249493
FE2tpp	0.0035086178961249493
MN2tpp	0.0035086178961249493
COBALT2tpp	0.0018662342092015042
DPCOAK	0.0014709036570395042
AHCYSNS	0.002663924402127943
NTPTP1	0.002663924402127943
NTPTP2	0.002663924402127943
IMPC	0.00023511685225694297
AICART	0.00023511685225694297
DPR	4.383375852012326e-05
KARA1	4.383375852012326e-05
KARA2	4.383375852012326e-05
CDAPPA141	0.001423129195283071
CDAPPA160	0.001423129195283071
CDAPPA180	0.001423129195283071
CDAPPA161	0.001423129195283071
CDAPPA181	0.001423129195283071
CDAPPA140	0.001423129195283071
CDAPPA120	0.001423129195283071
AIRC2	0.0003286334680422485
CDPMEK	0.0015601784486849563
AIRC3	0.00014590001651919882
AKGDH	0.00010362673514919858
CFAS160E	0.00013469557789678638
CFAS180G	0.00013469557789678638
CFAS180E	0.00013469557789678638
CFAS160G	0.00013469557789678638
PDH	0.00010362673514919858
GLYCL	0.00010362673514919858
GLYBabcpp	0.0018223827852724894
CHLabcpp	0.0018223827852724894
AKGt2rpp	0.005921889233952302
CGLYabcpp	0.000597260524861698
PROGLYabcpp	0.000597260524861698
ALAALAabcpp	0.000597260524861698
CHLt2pp	0.005943906526893658
ALAALAr	0.00042443946216305444
GLYBt2pp	0.006666469335906239
GLYt2pp	0.00045350816474719406
CHORM	0.00010640913676203055
PPND	0.00010640913676203055
ALAGLUE	0.0033054880228249894
PPNDH	0.0008844814461321515
ALAR	0.0018390254051983393
CHORS	0.0003829116465265274
THRA2	3.8104249371881265e-05
GHMT2r	3.8104249371881265e-05
ALATA_L2	3.8104249371881265e-05
ALATA_D2	3.8104249371881265e-05
THRA	3.8104249371881265e-05
CHRPL	0.0028013474550048385
DRPA	0.0019816650635642668
ALATRS	9.88036873566353e-05
CITACt	0.008982771037651622
VALabcpp	7.113598786405597e-05
ILEabcpp	7.113598786405597e-05
ALAabcpp	7.113598786405597e-05
THRabcpp	7.113598786405597e-05
LEUabcpp	7.113598786405597e-05
CITL	0.001956716292391822
DSBAO2	0.00011797891002588028
DSBAO1	0.00011797891002588028
DSBCGT	0.0012092058913823563
TDSR1	0.0012092058913823563
CITt4_1	0.012953174355892716
RNDR3	4.009417886653509e-05
TRDR	4.009417886653509e-05
RNDR1	4.009417886653509e-05
RNDR2	4.009417886653509e-05
RNDR4	4.009417886653509e-05
DSBDR	4.009417886653509e-05
THIORDXi	4.009417886653509e-05
METSOXR2	4.009417886653509e-05
PAPSR	4.009417886653509e-05
METSOXR1	4.009417886653509e-05
CLPNS140pp	0.0019520637958987078
CLPNS181pp	0.0019520637958987078
CLPNS161pp	0.0019520637958987078
CLPNS160pp	0.0019520637958987078
CLPNS141pp	0.0019520637958987078
CLPNS180pp	0.0019520637958987078
CLPNS120pp	0.0019520637958987078
TDSR2	0.0029282157986207555
DALAt2pp	0.00045350816474719406
BALAt2pp	0.00045350816474719406
ALAt2pp	0.00045350816474719406
DSERt2pp	0.00045350816474719406
DSBGGT	0.005802281722626093
CLt3_2pp	0.002689159504097685
GLYt4pp	0.004109371395490381
ALAt4pp	0.004109371395490381
DTMPK	0.0021182804427056397
DURIK1	0.0011234848613425243
TMDK1	0.0011234848613425243
FALDH2	0.001114956538976196
ALCD19	0.001114956538976196
PUNP6	0.0007937197921325951
PUNP2	0.0007937197921325951
PUNP3	0.0007937197921325951
PUNP1	0.0007937197921325951
PUNP4	0.0007937197921325951
DURIPP	0.0007937197921325951
PUNP5	0.0007937197921325951
CMCMSAD	0.03950557140987435
TMDPP	0.004001221234162356
CMHMI	0.03262024023823498
ALCD3ir	0.016396553866934206
DUTPDP	0.0006859096169145927
ALDD19xr	0.006279694631319629
NTPP3	0.001915299375803132
NTPP7	0.001915299375803132
MG2tpp	0.0018662342092015042
NI2tpp	0.0018662342092015042
GGGABADr	0.018875699815542397
ALDD2x	0.018875699815542397
LIPACabcpp	0.0012271668307804056
PE141abcpp	0.0012271668307804056
PG120abcpp	0.0012271668307804056
PA141abcpp	0.0012271668307804056
PE161abcpp	0.0012271668307804056
PGP141abcpp	0.0012271668307804056
LIPAabcpp	0.0012271668307804056
PE160abcpp	0.0012271668307804056
PGP160abcpp	0.0012271668307804056
PA140abcpp	0.0012271668307804056
PE180abcpp	0.0012271668307804056
PE181abcpp	0.0012271668307804056
PGP120abcpp	0.0012271668307804056
PG140abcpp	0.0012271668307804056
PG161abcpp	0.0012271668307804056
PG181abcpp	0.0012271668307804056
PGP140abcpp	0.0012271668307804056
PG160abcpp	0.0012271668307804056
COLIPAabcpp	0.0012271668307804056
PA180abcpp	0.0012271668307804056
PA120abcpp	0.0012271668307804056
K2L4Aabcpp	0.0012271668307804056
PGP181abcpp	0.0012271668307804056
PGP180abcpp	0.0012271668307804056
PA181abcpp	0.0012271668307804056
PG180abcpp	0.0012271668307804056
PA161abcpp	0.0012271668307804056
PGP161abcpp	0.0012271668307804056
PA160abcpp	0.0012271668307804056
PG141abcpp	0.0012271668307804056
PE120abcpp	0.0012271668307804056
PE140abcpp	0.0012271668307804056
DXPRIi	0.0013780465929551702
ALDD3y	0.012916170218962348
ALDD2y	0.012916170218962348
DXPS	0.0010371398393416835
DXYLK	0.004295364010926828
XYLK	0.004295364010926828
CPC2MT	0.0029644750752095875
ALLPI	0.07741179403370503
RPI	0.0005601127955024717
CPC3MT	0.0020282540185413323
E4PD	0.0001154052710206713
ALLTAMH	0.009353856039647572
EAR180x	0.00015186452414824549
EAR180y	0.00015186452414824549
EAR80y	0.00015186452414824549
EAR100y	0.00015186452414824549
EAR161y	0.00015186452414824549
EAR80x	0.00015186452414824549
EAR40x	0.00015186452414824549
EAR120x	0.00015186452414824549
EAR160x	0.00015186452414824549
EAR141y	0.00015186452414824549
EAR120y	0.00015186452414824549
EAR60x	0.00015186452414824549
EAR181y	0.00015186452414824549
EAR161x	0.00015186452414824549
EAR40y	0.00015186452414824549
EAR121y	0.00015186452414824549
EAR141x	0.00015186452414824549
EAR140x	0.00015186452414824549
EAR60y	0.00015186452414824549
EAR181x	0.00015186452414824549
EAR140y	0.00015186452414824549
EAR121x	0.00015186452414824549
EAR160y	0.00015186452414824549
EAR100x	0.00015186452414824549
CPC4MT	0.0017547344919691384
CPC5MT	0.0022912683853652735
ALLTN	0.006384053799997715
CPC6MT	0.0036167090163249866
ECAtpp	0.002593224453362671
CPC6R	0.0025881212698537796
CPC8MM	0.0019242362201577037
ALPATE160pp	1.5527470254891053e-05
ALPATG160pp	1.5527470254891053e-05
CPPPGO	0.00204557926260435
HACD1i	0.0039016643845265577
HACD3i	0.0039016643845265577
ECOAH7	0.0039016643845265577
ECOAH1	0.0039016643845265577
HACD8i	0.0039016643845265577
ECOAH6	0.0039016643845265577
ECOAH4	0.0039016643845265577
ECOAH5	0.0039016643845265577
HACD5i	0.0039016643845265577
HACD6i	0.0039016643845265577
HACD7i	0.0039016643845265577
HACD4i	0.0039016643845265577
CTECOAI7	0.0039016643845265577
ECOAH2	0.0039016643845265577
CTECOAI8	0.0039016643845265577
HACD2i	0.0039016643845265577
CTECOAI6	0.0039016643845265577
ECOAH3	0.0039016643845265577
ECOAH8	0.0039016643845265577
CPPPGO2	0.0008784043581934397
ALR2	0.0016835771197329281
DKGLCNR1	0.001922251483187889
EDA	0.00025785350285805023
EDD	0.0027460964821897156
PROabcpp	0.000705872342949828
CTBTabcpp	0.000705872342949828
CRNabcpp	0.000705872342949828
CRNDabcpp	0.000705872342949828
EDTXS1	0.002683013149616667
EDTXS4	0.0018507089674703661
EDTXS2	0.0018507089674703661
ALR4x	0.0005274964003711384
GLYCDx	0.0005274964003711384
LALDO2x	0.0005274964003711384
EDTXS3	0.003245927039056358
CRNt2rpp	0.0002299849796081046
CTBTt2rpp	0.0002299849796081046
PROt2rpp	0.0002299849796081046
CRNDt2rpp	0.0002299849796081046
ALTRH	0.004943513477472016
ENO	2.331425837347713e-05
AMALT2	0.003506658218338473
AMALT4	0.003506658218338473
AMALT1	0.003506658218338473
AMALT3	0.003506658218338473
CS	0.00034691872748386654
AMANAPEr	0.004518829059165244
ENTCS	0.004772384119934563
AMAOTr	0.002876483397845351
ENTERES	0.005193599078220166
ENTERES2	0.005193599078220166
CSND	0.0010016244151515045
AMMQLT8	0.0009090717466344087
OMBZLM	0.0009090717466344087
ETHAAL	0.010383630964161839
AMPMS2	0.006762541377567232
ETHAt	0.0014789907267736355
CSNt2pp	0.007312327544400229
AMPN	0.0012560003853830674
CTPS2	8.693605923711922e-05
FEROpp	0.0014711766574946967
CU1Opp	0.0014711766574946967
F6PA	0.005478381973613934
AMPTASECG	0.00010631440641325771
AMPTASEPG	0.0002604858348568727
F6PP	0.0032649277747231024
MN6PP	0.0032649277747231024
R5PP	0.0032649277747231024
G3PT	0.0032649277747231024
G6PP	0.0032649277747231024
CU1abcpp	0.0009951067189223422
CYANST	0.0013776137888263744
GAM6Pt6_2pp	0.010213238857259988
F6Pt6_2pp	0.010213238857259988
MAN6Pt6_2pp	0.010213238857259988
G6Pt6_2pp	0.010213238857259988
FA160ACPHi	0.0035716615590992507
FA140ACPHi	0.0035716615590992507
FA141ACPHi	0.0035716615590992507
FA120ACPHi	0.0035716615590992507
FA161ACPHi	0.0035716615590992507
FA100ACPHi	0.0035716615590992507
FA80ACPHi	0.0035716615590992507
THZPSN	0.00010631440641325771
CYANSTpp	0.0012209512652765762
FACOAE181	0.002055938738698711
FACOAE120	0.002055938738698711
FACOAE180	0.002055938738698711
FACOAE100	0.002055938738698711
FACOAE60	0.002055938738698711
FACOAE161	0.002055938738698711
FACOAE80	0.002055938738698711
FACOAE141	0.002055938738698711
FACOAE160	0.002055938738698711
FACOAE140	0.002055938738698711
LALGP	0.0002604858348568727
CYNTt2pp	0.004924304049712512
ANHMK	0.0020886748243584977
CYS	0.010487246238111729
CYSTS	0.010487246238111729
FACOAL160t2pp	0.005125756590612175
FACOAL161t2pp	0.005125756590612175
FACOAL60t2pp	0.005125756590612175
FACOAL80t2pp	0.005125756590612175
FACOAL141t2pp	0.005125756590612175
FACOAL180t2pp	0.005125756590612175
FACOAL120t2pp	0.005125756590612175
FACOAL100t2pp	0.005125756590612175
FACOAL140t2pp	0.005125756590612175
FACOAL181t2pp	0.005125756590612175
ANS	0.00032567589302196436
ANPRT	0.0005173899940856461
FE3Ri	0.0003538889940602653
FMNRx	0.0003538889940602653
FLVRx	0.0003538889940602653
FADRx	0.0003538889940602653
FMNRx2	7.44412403136842e-05
FLVR	7.44412403136842e-05
SULR	7.44412403136842e-05
FADRx2	7.44412403136842e-05
CYSDDS	0.0013076630348571132
AOXSr	0.001585886070892314
CYSDS	0.0001488700693213735
CYSTL	0.0001488700693213735
AP4AH	0.0010995815714219962
AP5AH	0.0010995815714219962
GP4GH	0.0010995815714219962
APRAUR	0.0018917868058774302
DHPPDA2	0.0018917868058774302
CYSS	3.331035888277285e-05
FBA	2.9431451073096037e-05
ARAI	0.012518064049409286
LEUTAi	9.208540518802254e-05
TRPTA	0.00045087282918344776
ARAT	0.00045087282918344776
FBP	0.00026705423227801076
CPGNabcpp	0.0009699110576998576
ARBTNabcpp	0.0009699110576998576
FEOXAMabcpp	0.0009699110576998576
FE3HOXabcpp	0.0009699110576998576
FECRMabcpp	0.0009699110576998576
CYSSADS	0.0030357119727316946
CYSTGL	0.007827178738142208
ARBt2rpp	0.005488284281172035
CYSTRS	0.00027596223405661457
FCI	0.0219564453316485
FCLK	0.02440455638286301
ARD1	0.000275764168951854
FCLPA	0.03598845933954557
GTHRDabc2pp	0.0024707190537884365
CYSabc2pp	0.0024707190537884365
GF6PTA	9.603616357140647e-05
CYTBDpp	9.010605226481183e-05
GGGABAH	0.004582579104910237
FDH5pp_1	0.0031243980327072206
FDH4pp_1	0.0031243980327072206
GGPTRCO	0.01231412214450091
GLNS	4.322908978846132e-05
GGPTRCS	0.01657509858439817
CYTBO3_4pp	0.0004947228199796689
GLA	0.001461829899925468
GLBRAN2	0.0005625129487251958
GLCATr	0.0019778052875150517
MALTATr	0.0019778052875150517
FDMO4	0.007927161872304328
FDMO	0.007927161872304328
FDMO3	0.007927161872304328
FDMO2	0.007927161872304328
FDMO6	0.007927161872304328
CYTD	0.001816498281731794
DCYTD	0.001816498281731794
GLCDpp	0.003259254714432508
FE2abcpp	0.00012929059849497754
FE2t2pp	0.0010658292090914622
MNt2pp	0.0010658292090914622
FEENTERabcpp	0.003723623035863653
FE3DHBZSabcpp	0.003723623035863653
GLCNt2rpp	0.004889802395772742
CYTDK2	0.0011467672128239238
URIK2	0.0011467672128239238
UMPK	0.0001064021532949256
CYTK2	0.001165165535812569
CYTK1	0.001165165535812569
SUCOAS	0.0005824773657048392
GLCOAS	0.0007716424555226124
MLTP1	0.003450680831409055
MLTP2	0.003450680831409055
MLTP3	0.003450680831409055
GLCP2	0.000888792287403382
GLCP	0.000888792287403382
D_LACt2pp	0.013454575378141119
GLYCLTt2rpp	0.013454575378141119
L_LACt2rpp	0.013454575378141119
D5KGK	0.013144286427307366
GLCRAL	0.006036996653075754
DAAD	0.006583666733712571
GLCRD	0.00510111282731147
DAGK141	0.0019290449646941453
DAGK140	0.0019290449646941453
DAGK160	0.0019290449646941453
DAGK120	0.0019290449646941453
DAGK181	0.0019290449646941453
DAGK180	0.0019290449646941453
DAGK161	0.0019290449646941453
DAPAL	0.008315698715786145
GLCS1	0.0008899892002053172
DAPDC	0.0005792005847149196
DAPE	0.0003109011403338048
DASYN140	0.0006620342718744636
DASYN161	0.0006620342718744636
DASYN181	0.0006620342718744636
DASYN120	0.0006620342718744636
DASYN180	0.0006620342718744636
DASYN160	0.0006620342718744636
DASYN141	0.0006620342718744636
GLDBRAN2	0.0009935265856978286
FEENTERtpp	0.006768402620611225
DB4PS	0.0001433360383970132
GLGC	0.0008278017996902773
DBTS	0.0013494734003021373
DCTPD	0.001149364505790016
FFSD	0.006950458248853382
GLNTRS	0.00015882943760749997
FFSD1r	0.007026795890583103
OCDCAtexi	0.0037583961808075285
HDCEAtexi	0.0037583961808075285
DDCAtexi	0.0037583961808075285
TTDCAtexi	0.0037583961808075285
OCDCEAtexi	0.0037583961808075285
HDCAtexi	0.0037583961808075285
TTDCEAtexi	0.0037583961808075285
GLNabcpp	0.00012348891195028514
DDGALK	0.005418287590942089
FGLU	0.011265778711766102
DDGLCNt2rpp	0.059658390001215485
DDGLK	0.001715700358304584
DDPA	9.986201100684481e-05
FHL	6.886157316382236e-05
HYD1pp	8.805946027500327e-05
GLU5K	0.0005741537881307099
GLUCYS	0.0006869450657043211
GLUDy	5.7192414649605014e-05
GLUDxi	5.7192414649605014e-05
DDPGALA	0.010014326932080628
GLUPRT	9.486818143028703e-05
DGK1	0.00043916607929127635
GK1	0.00043916607929127635
GLUR	0.0011721066563955538
DHAD1	0.0002020688310342792
DHAD2	0.0002020688310342792
GLUSy	4.728611997132863e-05
DHAK	0.004463817694885075
RNTR3c	0.0002541542935375062
RNTR1c	0.0002541542935375062
RNTR2c	0.0002541542935375062
FLDR	0.0002541542935375062
RNTR4c	0.0002541542935375062
GLUTRR	0.0002521804180296416
GLUTRS	0.00019210546171846728
FMETTRS	0.00015392819545391787
GLUt4pp	0.005881681381783419
UREAtpp	0.006303952969967498
GLYALDtpp	0.006303952969967498
GLYCtpp	0.006303952969967498
RBFK	0.00036311041138452474
FMNAT	0.00036311041138452474
GLYAT	0.002597753419310356
GLYC3Pt6pp	0.011306475212041771
FORAMD	0.1618999167250604
PPDD	0.015063345571268726
GLYCDH	0.015063345571268726
FORt2pp	3.421235861390594e-05
FORtppi	3.421235861390594e-05
LYSTRS	0.00014528367775545103
LYSt2pp	0.0009378127324951661
FRD3	0.0001202990459162614
FRD2	0.0001202990459162614
LYXI	0.1824867570322697
RMI	0.1824867570322697
RMNtpp	0.00449068907335732
LYXt2pp	0.00449068907335732
GLYCK2	0.0037733066444329104
M1PD	0.001609079403733841
FRUK	0.0022619388108217416
FTHFD	0.0004520493343769434
FUCtpp	0.12030314956483998
MACPT	0.019434918749861314
MALDDH	0.004308052590810915
FUM	0.0019732996935287227
GLYK	0.00398430903820266
MALS	0.005112250380249508
MAN6PI	0.00020261494233392126
MANAO	0.004535706744224908
G1PACT	9.656924259991743e-05
UAGDP	9.656924259991743e-05
GLYOX	0.0027413241791581183
GAL1PPpp	0.002275589940415323
G1PPpp	0.002275589940415323
GLYTRS	0.00014477743400367484
MCPST	0.0013232817999237515
G1PTT	0.0008272211280601672
MPTG	0.0009791001620214873
MCTP1Bpp	0.0009791001620214873
MCTP1App	0.00030015168115507003
MCTP2App	0.00030015168115507003
MPTG2	0.0009791001620214873
GMHEPPA	0.0011967571331391496
GMPR	0.00011011480032176122
G1SAT	0.0008555324778635325
GMPS2	0.00020873564371586098
NTD4pp	0.001589313756334563
NTD1pp	0.001589313756334563
NTD5pp	0.001589313756334563
NTD2pp	0.001589313756334563
NTD10pp	0.001589313756334563
TYRPpp	0.0022449258702667728
NTD11pp	0.001589313756334563
G2PPpp	0.0022449258702667728
PSP_Lpp	0.0022449258702667728
NTD7pp	0.001589313756334563
NTD12pp	0.001589313756334563
NTD8pp	0.001589313756334563
PTHRpp	0.0022449258702667728
NTD3pp	0.001589313756334563
NTD6pp	0.001589313756334563
R5PPpp	0.0022449258702667728
NTD9pp	0.001589313756334563
G3PAT141	0.00116063992947909
G3PAT180	0.00116063992947909
G3PAT161	0.00116063992947909
G3PAT181	0.00116063992947909
G3PAT120	0.00116063992947909
G3PAT140	0.00116063992947909
G3PAT160	0.00116063992947909
GND	0.0006822810546144396
GNK	0.003622239654610959
GPDDA1	0.003107925304967587
GPDDA2	0.003107925304967587
GPDDA3	0.003107925304967587
GPDDA4	0.003107925304967587
GPDDA5	0.003107925304967587
G3PEabcpp	0.006109025016984177
G3PIabcpp	0.006109025016984177
GLYC3Pabcpp	0.006109025016984177
G3PGabcpp	0.006109025016984177
G3PSabcpp	0.006109025016984177
G3PCabcpp	0.006109025016984177
GPDDA5pp	0.005605428351816878
GPDDA2pp	0.005605428351816878
GPDDA4pp	0.005605428351816878
GPDDA3pp	0.005605428351816878
GPDDA1pp	0.005605428351816878
MDDCP2pp	0.0005343351968254504
MDDCP4pp	0.0005343351968254504
MDDCP1pp	0.0005343351968254504
MDDCP5pp	0.0005343351968254504
MDDCP3pp	0.0005343351968254504
PAPSR2	4.014959762530621e-05
RNDR3b	4.014959762530621e-05
RNDR1b	4.014959762530621e-05
GRXR	4.014959762530621e-05
RNDR2b	4.014959762530621e-05
RNDR4b	4.014959762530621e-05
MDDEP2pp	0.0009033335417286912
MDDEP1pp	0.0009033335417286912
MDDEP3pp	0.0009033335417286912
MDDEP4pp	0.0009033335417286912
G3PD2	0.0003670629841765857
G3PD5	0.006527032623342951
G3PD7	0.011243635594990602
G3PD6	0.011243635594990602
GSNK	0.001849597830962519
INSK	0.001849597830962519
G5SD	0.000755717293296878
G6PDA	0.0008634004302868917
GSPMDA	0.0009683630920354939
GSPMDS	0.0009683630920354939
G6PDH2r	0.0001131692533242416
GALCTD	0.005206639190301765
MDH	0.0012279228967284463
GTHOr	0.00037018493173496616
MDH2	0.0025727991050311493
MDH3	0.0025727991050311493
GTHRDHpp	0.0037934004294991695
GALCTND	0.012059508665472786
GTHRDabcpp	0.00025700850821464667
ME1	0.0011226068135917297
ME2	0.00420519088735591
GALCTNLt2pp	0.02146649521263972
GALCTNt2pp	0.008461317579450959
MECDPDH2	0.00028787932424216426
GTHS	0.0007898860364339558
GLYCAt2rpp	0.007490719115636059
GALCTt2rpp	0.007490719115636059
GLCRt2rpp	0.007490719115636059
GTPCI	8.37991865655422e-05
MECDPS	0.0017774027936749703
GTPCII2	0.0011185926790273084
MELIBt2pp	0.009059134314473215
MEPCT	0.002361328592698149
GALKr	0.0012671902982951699
GTPDPDP	0.0005243599812170077
GALM2pp	0.0017334441846220113
METAT	3.676859372093239e-05
GUAD	0.02227978613336643
GUAPRT	0.00035818192846121845
HXPRT	0.00035818192846121845
XPPT	0.0004126493286746526
METabcpp	4.775405580505939e-05
METDabcpp	4.775405580505939e-05
MLTG2	0.005812652298795239
MLTG3	0.005812652298795239
MLTG1	0.005812652298795239
MLTG4	0.005812652298795239
MLTG5	0.005812652298795239
GALS3	0.005812652298795239
GUAtpp	0.018334506462682698
METS	0.00018660468174745034
GUI1	0.004082716695841898
GUI2	0.004082716695841898
H2Otpp	0.0010369158571715987
HADPCOADH	0.045864895807382865
HBZOPT	0.0027058196038956366
METTRS	0.00021802056704130828
HPPPNt2rpp	0.07093460136000602
HCINNMt2rpp	0.07093460136000602
MG2uabcpp	0.0031207724920078177
NI2uabcpp	0.0031207724920078177
MGSA	0.0002497268652689146
MI1PP	0.0006688491568165772
GALURt2rpp	0.008728560939116323
GLCURt2rpp	0.008728560939116323
GALUi	5.735431215225504e-05
HCO3E	0.00020779931285318115
GLCabcpp	0.006125006216355786
GALabcpp	0.006125006216355786
MLTGY3pp	0.0009031004281372352
MLTGY4pp	0.0009031004281372352
MLTGY1pp	0.0009031004281372352
MLTGY2pp	0.0009031004281372352
HCYSMT2	0.000712474890375379
HCYSMT	0.000712474890375379
HEMEOS	0.0005390274032577086
GALt2pp	0.00230046604175302
GLCt2pp	0.00230046604175302
HEPT1	0.0012515382740618808
GAPD	2.0155144772734974e-05
GARFT	0.0001391527661582164
HEPT2	0.0008332310080442541
HEPT3	0.0017966487250599865
HETZK	0.005577634537370964
GCALDD	0.011552079855426804
LCADi	0.011552079855426804
HEX1	0.0001314759279389625
PPGPPDP	0.00017301936623619543
GDPDPK	0.00017301936623619543
MMETt2pp	0.0005424286321824895
HEX7	0.0025590156315698355
MMSAD2	0.006073606814717202
GTPDPK	0.0012450532254108114
GDPMNP	0.0017119548411036896
MMSAD3	0.007839968807703868
HHDDI	0.029166972336191928
HISDr	0.03291787181824672
HISTD	0.0013189657630312925
MNNH	0.004615598585652981
HISTP	0.0002595645282782808
IGPDH	0.0002595645282782808
HISTRS	0.00024096207008853177
MOAT	0.0011513547473584835
MOAT2	0.0011513547473584835
TSULabcpp	8.510569087744651e-05
SULabcpp	8.510569087744651e-05
MOBDabcpp	8.510569087744651e-05
PGI	5.497369953983369e-05
HISt2rpp	0.0002717414393886177
TRPt2rpp	0.0002717414393886177
PGK	3.2429230262677304e-05
HKNDDH	0.01105051301013806
HKNTDH	0.01105051301013806
PGL	0.00014573221873158914
HMBS	0.0008204218021127386
PGLYCP	0.00041122338391121874
PGM	4.6102312153159e-05
TUNGSabcpp	0.0023678899060842794
PMPK	0.008854060990330998
HMPK1	0.0029860382838000645
HOMt2pp	0.001859598547301585
PGMT	7.994514765001584e-05
THRt2pp	0.0013401806805653969
HOPNTAL	0.02417727896419376
HPA3MO	0.003503256779156308
PGPP140	0.0016718623277088241
PGPP120pp	0.0016718623277088241
PGPP141	0.0016718623277088241
PGPP161	0.0016718623277088241
PGPP160	0.0016718623277088241
PGPP180	0.0016718623277088241
PGPP140pp	0.0016718623277088241
PGPP120	0.0016718623277088241
PGPP141pp	0.0016718623277088241
PGPP160pp	0.0016718623277088241
PGPP180pp	0.0016718623277088241
PGPP161pp	0.0016718623277088241
PGPP181pp	0.0016718623277088241
PGPP181	0.0016718623277088241
MOHMT	0.001349323473070446
MTHFC	0.00035562668322487934
MTHFD	0.00035562668322487934
PGSA141	0.0008137064863282748
PGSA180	0.0008137064863282748
PGSA161	0.0008137064863282748
PGSA140	0.0008137064863282748
PGSA120	0.0008137064863282748
PGSA160	0.0008137064863282748
PGSA181	0.0008137064863282748
PHACOAOR	0.03799262683617872
HPACt2r	0.03317002391117737
MTHFR2	4.974237622609311e-05
HPPK2	0.0015411666093632808
HSK	0.0001207363709706925
HSST	4.8330194505921196e-05
MTRI	0.0037351390844393285
MTRK	0.0017939257815902648
HSTPT	0.0011723437891868625
SARCOX	0.0011244527532762313
MTRPOX	0.0011244527532762313
PHEMEabcpp	0.00646500705258327
ICDHyr	4.748147741915465e-05
MUCCYCI	0.0061294748484571
ICHORS_copy1	0.0028425072356757794
MUCLI	0.006861534510982571
NADDP	0.0016247234100655523
ICHORS_copy2	0.0059612833941605275
PHETRS	0.00018933254573074004
NADH10	0.0005848897797272241
NADH9	0.0005848897797272241
NADH5	0.0005848897797272241
ICHORT	0.004259340161182463
ICL	0.005620291982441562
NADH18pp	0.00026635440462529063
NADH17pp	0.00026635440462529063
NADH16pp	0.00026635440462529063
IG3PS	0.0002733405830899584
PIt2rpp	0.0007782168676286086
PIuabcpp	0.0015604844974612827
IGPS	0.00024734077852720345
PRAIi	0.00024734077852720345
VALTA	9.208540518802254e-05
ILETA	9.208540518802254e-05
ILETRS	0.00011257164107489547
LEUt2rpp	0.002279376869403951
VALt2rpp	0.002279376869403951
ILEt2rpp	0.002279376869403951
IMPD	0.00012744872080775702
PLIPA1G140pp	0.0017398676540650163
PLIPA1E120pp	0.0017398676540650163
PLIPA2G141pp	0.0017398676540650163
PLIPA2G180pp	0.0017398676540650163
PLIPA2A161pp	0.0017398676540650163
PLIPA1G180pp	0.0017398676540650163
PLIPA2E160pp	0.0017398676540650163
PLIPA1G181pp	0.0017398676540650163
PLIPA1E140pp	0.0017398676540650163
PLIPA2E140pp	0.0017398676540650163
PLIPA2G120pp	0.0017398676540650163
PLIPA2E181pp	0.0017398676540650163
PLIPA1E141pp	0.0017398676540650163
PLIPA2A141pp	0.0017398676540650163
PLIPA2A140pp	0.0017398676540650163
PLIPA1A141pp	0.0017398676540650163
PLIPA2G160pp	0.0017398676540650163
PLIPA2G140pp	0.0017398676540650163
PLIPA1A120pp	0.0017398676540650163
PLIPA2A160pp	0.0017398676540650163
PLIPA1E181pp	0.0017398676540650163
PLIPA1A140pp	0.0017398676540650163
PLIPA2G161pp	0.0017398676540650163
PLIPA1A160pp	0.0017398676540650163
PLIPA2A180pp	0.0017398676540650163
PLIPA2E141pp	0.0017398676540650163
PLIPA1G120pp	0.0017398676540650163
PLIPA1A180pp	0.0017398676540650163
PLIPA1A181pp	0.0017398676540650163
PLIPA1E160pp	0.0017398676540650163
PLIPA2G181pp	0.0017398676540650163
PLIPA1G161pp	0.0017398676540650163
PLIPA1E161pp	0.0017398676540650163
PLIPA1G141pp	0.0017398676540650163
PLIPA2E120pp	0.0017398676540650163
PLIPA2A181pp	0.0017398676540650163
PLIPA2E161pp	0.0017398676540650163
PLIPA1E180pp	0.0017398676540650163
PLIPA2E180pp	0.0017398676540650163
PLIPA1A161pp	0.0017398676540650163
PLIPA2A120pp	0.0017398676540650163
PLIPA1G160pp	0.0017398676540650163
INDOLEt2pp	0.004661226575343654
PMDPHT	0.005714820560552431
INDOLEt2rpp	0.002573493478268419
PNTK	0.0016410145798944759
INS2D	0.010618371428984969
PNTOt4pp	0.003683614242683997
NADHNQR	0.001773628854019794
POX	0.0005465464838604857
IPDDI	0.001872782152649379
PPA2	0.00046631735466471996
PPA	4.930764486622397e-05
OMCDC	0.00016027077385319898
IPMD	0.00016027077385319898
IPPMIb	0.000124979441406293
IPPMIa	0.000124979441406293
NADK	0.0010341718364044424
IPPS	0.00034456469496961024
NADPHQR2	0.0026978152981489644
NADPHQR3	0.0026978152981489644
NADPHQR4	0.0026978152981489644
IZPN	0.008861279187024292
PPAt4pp	0.0028844471920994254
PROt4pp	0.0028844471920994254
NADS1	0.0004489691486618617
ACACT13	0.004147946195248035
KAT1	0.004147946195248035
ACACT12	0.004147946195248035
ACACT8	0.004147946195248035
ACACT8r	0.004147946195248035
ACACT11	0.004147946195248035
ACACT9	0.004147946195248035
ACACT10	0.004147946195248035
THD2pp	3.790112204299092e-05
NADTRHD	3.790112204299092e-05
PPBNGS	0.0011026894561535373
PPC	4.394141188420534e-05
KDOCT2	0.0005065921316322749
NAMNPP	0.000694593510979985
PPCDC	0.0011191281434998355
PPNCL2	0.0011191281434998355
KDOPP	0.0005485695463902067
NAt3_1p5pp	0.0013452641225520099
PPCK	0.003329636592318521
KDOPS	0.0002140512521001467
PPK	0.000890964808817311
PPK2	0.000890964808817311
NAt3_2pp	0.00883756769656743
KG6PDC	0.00878178121011996
PPM2	0.0008589512332004878
PPM	0.0008589512332004878
Kabcpp	0.005724634835886535
NH4tpp	0.0037659985528318623
NHFRBO	0.002089914069385122
PPPGO	0.0011888718579567965
PPPGO3	0.0011888718579567965
PPPNt2rpp	0.004257656376014687
Kt2pp	0.001199050182926052
TRSARr	0.004222749278245732
PPRDNDH	0.004222749278245732
PPS	0.0002826544083459395
PPTHpp	0.0006978190025947208
NNATr	0.0015682077073901667
NMNAT	0.0011667444059983779
PRAGSr	0.00018222251139566662
PRAIS	8.734267182851909e-05
NMNPtpp	0.0008602512043656511
NNAM	0.003153380640902496
PRATPP	0.00020370951720585673
PRAMPC	0.00020370951720585673
L_LACD2	0.020962179019042845
L_LACD3	0.020962179019042845
NNDMBRT	0.0027723792412921813
LA4NTpp	0.000732013321232143
NNDPR	0.0008188720530777939
PRASCSi	5.026704718197121e-05
LACZ	0.02034026882973846
PRFGS	0.00024813067568618766
PRMICI	0.0004995902799317414
LACZpp	0.0013311217397495338
NO2t2rpp	0.001864520196252459
NO3t7pp	0.001864520196252459
LADGMDH	0.002181666621143803
NO3R1pp	0.0010816962924621188
NO3R2pp	0.0010816962924621188
PROTRS	0.0001478945706371105
LCARR	0.008504566659752799
LCARS	0.008504566659752799
PRPPS	5.5928672482008675e-05
LCTSt3ipp	0.003771191725301677
PSCVT	0.00020594819053873557
PSD141	0.0018101015641774265
PSD181	0.0018101015641774265
PSD120	0.0018101015641774265
PSD140	0.0018101015641774265
PSD180	0.0018101015641774265
PSD161	0.0018101015641774265
PSD160	0.0018101015641774265
LCTStpp	0.0060799911545901955
PSP_L	0.0009205704271644531
LDH_D	0.0001016493821767077
PSSA140	0.0006895905016704077
PSSA160	0.0006895905016704077
PSSA141	0.0006895905016704077
PSSA120	0.0006895905016704077
PSSA161	0.0006895905016704077
PSSA180	0.0006895905016704077
PSSA181	0.0006895905016704077
LDH_D2	0.0008992936945659925
PTA2	4.886187270991371e-05
PTAr	4.886187270991371e-05
LEUTRS	0.00012094137566612404
LGTHL	7.625714386255602e-05
PTPATi	0.0008327232435385123
NODOy	0.0019813443732312848
NODOx	0.0019813443732312848
LIPAHTex	0.0005736731818194063
LIPAHT2ex	0.0005736731818194063
LPADSS	0.0009491989803760396
LPLIPAL1E140pp	0.003060900026943637
LPLIPAL1G180pp	0.003060900026943637
LPLIPAL1A180pp	0.003060900026943637
LPLIPAL1E181pp	0.003060900026943637
LPLIPAL1E120pp	0.003060900026943637
LPLIPAL1G120pp	0.003060900026943637
LPLIPAL1A160pp	0.003060900026943637
LPLIPAL1G181pp	0.003060900026943637
LPLIPAL1G140pp	0.003060900026943637
LPLIPAL1E160pp	0.003060900026943637
LPLIPAL1A140pp	0.003060900026943637
LPLIPAL1G161pp	0.003060900026943637
LPLIPAL1A141pp	0.003060900026943637
LPLIPAL1A120pp	0.003060900026943637
LPLIPAL1E180pp	0.003060900026943637
LPLIPAL1A181pp	0.003060900026943637
LPLIPAL1A161pp	0.003060900026943637
LPLIPAL1G141pp	0.003060900026943637
LPLIPAL1E141pp	0.003060900026943637
LPLIPAL1E161pp	0.003060900026943637
LPLIPAL1G160pp	0.003060900026943637
NPHS	0.0015205520545109802
NTD6	0.00046631735466471996
NTD1	0.00046631735466471996
NTD3	0.00046631735466471996
NTD12	0.00046631735466471996
NTD5	0.00046631735466471996
NTD8	0.00046631735466471996
PTRCTA	0.0023316356270276072
PTRCabcpp	0.00036120509992929907
SPMDabcpp	0.0006489852987320118
LPLIPAL2G141	0.0011181554591258565
LPLIPAL2ATE140	0.0011181554591258565
LPLIPAL2A161	0.0011181554591258565
LPLIPAL2ATG180	0.0011181554591258565
LPLIPAL2ATE161	0.0011181554591258565
LPLIPAL2ATG160	0.0011181554591258565
LPLIPAL2ATG141	0.0011181554591258565
LPLIPAL2A141	0.0011181554591258565
LPLIPAL2E141	0.0011181554591258565
LPLIPAL2E120	0.0011181554591258565
LPLIPAL2ATE180	0.0011181554591258565
LPLIPAL2ATE120	0.0011181554591258565
LPLIPAL2E181	0.0011181554591258565
LPLIPAL2E160	0.0011181554591258565
LPLIPAL2A180	0.0011181554591258565
LPLIPAL2G160	0.0011181554591258565
LPLIPAL2G181	0.0011181554591258565
LPLIPAL2A120	0.0011181554591258565
LPLIPAL2ATE160	0.0011181554591258565
LPLIPAL2E180	0.0011181554591258565
LPLIPAL2ATG120	0.0011181554591258565
LPLIPAL2E161	0.0011181554591258565
LPLIPAL2ATG161	0.0011181554591258565
LPLIPAL2A181	0.0011181554591258565
LPLIPAL2ATE141	0.0011181554591258565
LPLIPAL2A140	0.0011181554591258565
LPLIPAL2ATG140	0.0011181554591258565
LPLIPAL2ATG181	0.0011181554591258565
LPLIPAL2G180	0.0011181554591258565
LPLIPAL2E140	0.0011181554591258565
LPLIPAL2G140	0.0011181554591258565
LPLIPAL2ATE181	0.0011181554591258565
LPLIPAL2A160	0.0011181554591258565
LPLIPAL2G161	0.0011181554591258565
LPLIPAL2G120	0.0011181554591258565
LYSDC	0.0021004765810557426
NTD2	0.00046631735466471996
NTD10	0.00046631735466471996
NTD9	0.00046631735466471996
NTD11	0.00046631735466471996
NTD7	0.00046631735466471996
NTD4	0.00046631735466471996
THRD	0.0015979151992833922
UACGALPpp	0.001589313756334563
UGLCURPpp	0.001589313756334563
UACGAMPpp	0.001589313756334563
UDPGPpp	0.001589313756334563
UDPGALPpp	0.001589313756334563
NTP3	0.0013342081914614406
NTP10	0.0011254847070331535
NTP1	0.0013342081914614406
NTP5	0.0013342081914614406
NTP12	0.0011254847070331535
NTP11	0.0011254847070331535
THRD_L	0.00038313729749800906
NTPP4	0.0026484206007988294
NTPP6	0.0026484206007988294
NTPP8	0.0026484206007988294
NTPP11	0.0017015702865897657
NTPP10	0.0017015702865897657
NTPP9	0.0017015702865897657
THRTRS	6.283347125289821e-05
NTRIR2x	0.00031595806001440076
TMPK	0.0012518151784874627
OAADC	0.02422893357987699
PTRCt2pp	0.008146042558911963
PYDXK	0.0016199805765452638
PYDXNK	0.0016199805765452638
PYDAMK	0.0016199805765452638
OBTFL	2.5181253836233335e-05
PFL	2.5181253836233335e-05
PYNP2r	0.0019021902047766134
TKT2	7.051141556856498e-05
TKT1	7.051141556856498e-05
QMO2	9.309693084346315e-05
QMO3	9.309693084346315e-05
QULNS	0.0009747677478166212
OCBT	0.00015976736301075094
TMDS	0.0007915360738431988
OCTDPS	0.0005746310091336936
TMK	0.0022342330173459805
OHEDH	0.023516694373012688
R15BPK	0.012909149088984696
TMN	0.0052179270312383294
RBFSa	0.0006113645989689484
RBFSb	0.000175605984482757
PSERT	4.005965258562298e-05
OHPBAT	4.005965258562298e-05
OMMBLHX	0.0027296206566588665
TMPPP	0.00710317473255874
OMPDC	0.0027049642896742362
RBK	0.0019534685704698193
TPI	3.2698570063534515e-05
RBK_Dr	0.007529918470944718
OMPHHX	0.0013920403042018924
TPRDCOAS	0.010213068939086706
OP4ENH	0.018228079732439346
RBK_L1	0.024820263879705855
XYLK2	0.024820263879705855
TRE6PH	0.010917092664220987
RBP4E	0.008529715190991044
OPHBDC	0.0011558425469736554
TRE6PS	0.0016238770468211268
TREH	0.002327272351381171
RBTDG	0.011116867450969643
OPHHX	0.0009944257792416167
OPTCCL	0.06691645743126796
TREHpp	0.0031619510591399166
ORNDC	0.0016999217315442545
ORPT	0.0009476203521330208
RHCCE	5.811874798313854e-05
RIBabcpp	0.00278686022642992
OXGDC2	0.0032898693126768765
SHCHCS2	0.0032898693126768765
TRPS3	0.0001268176254529947
TRPS1	0.0001268176254529947
TRPS2	0.0001268176254529947
OXOAEL	0.004070863518750235
SSALx	0.005955023910806991
SSALy	0.005955023910806991
OXPTNDH	0.005955023910806991
TRPTRS	0.00013595864350589315
TYRTRS	0.0001085653144762489
PROD2	0.007102640602659206
P5CD	0.007102640602659206
RMK	0.052936445238100156
RMPA	0.008106944400341105
U23GAAT	9.818525071106628e-05
P5CR	0.0005428415569739991
UAAGDS	0.0003490747177369725
PACCOAL	0.011093621056507052
UACMAMO	0.000786175574719966
PANTS	0.0005911908611289759
UAG2E	0.0007659108468546896
PAPA120	0.0026002884857725095
PAPA160pp	0.0026002884857725095
UDCPDP	0.0008863272001072167
UDCPDPpp	0.0008863272001072167
PAPA141pp	0.0026002884857725095
PAPA180	0.0026002884857725095
PAPA181	0.0026002884857725095
PAPA160	0.0026002884857725095
PAPA161pp	0.0026002884857725095
PAPA140	0.0026002884857725095
PAPA161	0.0026002884857725095
PAPA181pp	0.0026002884857725095
PAPA120pp	0.0026002884857725095
PAPA141	0.0026002884857725095
PAPA140pp	0.0026002884857725095
PAPA180pp	0.0026002884857725095
UAGAAT	9.833953300319556e-05
PAPPT3	0.0005323710769417635
UAGCVT	0.00035342500273734457
UAGPT3	0.0007832093205971448
UAMAGS	0.000635433055815687
UAMAS	0.00047763196020256124
UAPGR	0.0013302774643637171
RPE	0.0002575115784233349
PDE1	0.004167633886817856
RZ5PP	0.003090420502744818
UDCPDPS	0.0003023209569413182
Rbtt2	0.0031594716336169094
UDPG4E	0.000471133266960331
S7PI	0.0006115332130757159
UDPGD	0.00012140473567652114
UDPGDC	0.0002003894433333376
ULA4NFT	0.0002003894433333376
SADH	0.010193632105645332
PDX5POi	0.00043048265185468144
PYAM5PO	0.00043048265185468144
UDPKAAT	0.00034008642389863345
PDX5PS	0.0006934484107345456
UGLT	0.0008256622461946262
UGLYCH	0.005918347372417887
PERD	0.0010611448849616385
SADT2	0.00024438951046083335
SBTPD	0.007442347181764115
UGMDDS	0.000680755185791183
PETNT181pp	0.006081886408959962
PETNT161pp	0.006081886408959962
UHGADA	4.411452739731103e-05
PFK	5.476943252972754e-05
PFK_2	5.476943252972754e-05
UM3PL	0.0006533865188546123
UM4PL	0.0006533865188546123
SDPDS	0.0006010129488215556
URIDK2r	0.0001064021532949256
PGAMT	0.0009515206084780488
UPLA4FNT	0.0004118556145747557
PGCD	3.711920419262389e-05
SELCYSS	0.0024857718001306548
UPP3MT	0.0008118746870502968
UPP3S	0.0009308732986016866
UPPDC1	0.001181689880942384
UPPRT	0.00010542249277822104
SELNPS	0.0009569263773396773
URAt2pp_copy1	0.0008004417349334493
SERASr	0.004540839198506002
URAt2pp_copy2	0.025760009302019302
SERAT	0.0010479296169806748
URCN	0.04040360139887633
SERD_D	0.004615775138201458
UREA	0.0017603861255689292
SERD_L	0.004410598938372255
URIC	0.010419847236203721
SERTRS	6.599739324572674e-05
SERTRS2	6.599739324572674e-05
SERt2rpp	0.004655471915509427
THRt2rpp	0.013173954937161315
USHD	0.0015817520482476802
VALTRS	0.00016797982724098338
VPAMTr	0.0011717225072947791
THRt4pp	0.00010562527161415905
SERt4pp	0.00010562527161415905
X5PL3E	0.010236545633522307
SFGTHi	0.0017509090823844898
XAND	0.08187223569512193
SGDS	0.013728869116576128
XYLI1	0.005385969201550287
XYLI2	0.005385969201550287
SGSAD	0.030118390378922624
SHCHCC	0.0020438127125769704
XYLabcpp	0.008748444003886378
SHCHF	0.001050750463196312
SHCHD2	0.001050750463196312
SHK3Dr	0.0007541538072585329
XYLt2pp	0.0076917948718946754
ZNabcpp	0.0012043040846091316
SHKK	8.152779410541389e-05
ABTpp2	0.03348894735346682
SHSL1	5.7370876517130105e-05
SKMt2pp	0.0023345114109269297
SPMDAT2	0.0012013210233555738
SPMDAT1	0.0012013210233555738
SPMS	0.0015658608278681695
SPODM	5.968578892390855e-05
SPODMpp	0.0020830698409818596
SUCBZL	0.0033980562483715096
SUCBZS	0.0027052574850000575
SUCDi	0.0029208876501996372
SUCRtex	0.02282438265905479
SUCptspp	0.01075299852407766
TAGURr	0.003979887631583925
TALA	5.379232351409517e-05
TARTD	0.007377805788947181
TARTRt7pp	0.006498116358781769
TAUDO	0.00230109195756207
TDPADGAT	0.002520026126616581
TDPAGTA	0.001235703080498299
TDPGDH	0.0008770180402503981
TDSK	0.002175144487518998
THDPS	5.7643292834875255e-05
THMabcpp	0.0034993534609248267
EX_cd2_e	0.002758282054422095
EX_cbi_e	0.002758282054422095
EX_cbl1_e	0.002758282054422095
12DGR120tipp	0.002758282054422095
12DGR140tipp	0.002758282054422095
12DGR141tipp	0.002758282054422095
12DGR160tipp	0.002758282054422095
12DGR161tipp	0.002758282054422095
12DGR180tipp	0.002758282054422095
12DGR181tipp	0.002758282054422095
13PPDtex	0.002758282054422095
13PPDtpp	0.002758282054422095
23DAPPAt2pp	0.002758282054422095
4PCPpp	0.002758282054422095
ACLS_a	0.002758282054422095
ACOLIPAtex	0.002758282054422095
ACONIs	0.002758282054422095
AGM4PCPpp	0.002758282054422095
ACt2rpp	0.002758282054422095
ACALDtpp	0.002758282054422095
23DK5MPPISO	0.002758282054422095
ALATA_L	0.002758282054422095
BZt	0.002758282054422095
ALLULPE	0.002758282054422095
ATPM	0.002758282054422095
BLUB	0.002758282054422095
BPNT	0.002758282054422095
BTDD_RR	0.002758282054422095
BTDt_RR	0.002758282054422095
CELLBabc	0.002758282054422095
CO2tpp	0.002758282054422095
CLIPAtex	0.002758282054422095
CLPNH120pp	0.002758282054422095
CLPNH140pp	0.002758282054422095
CLPNH141pp	0.002758282054422095
CLPNH160pp	0.002758282054422095
CLPNH161pp	0.002758282054422095
CLPNH180pp	0.002758282054422095
CLPNH181pp	0.002758282054422095
EX_cgly_e	0.002758282054422095
CYRDAR2	0.002758282054422095
CYRDAS	0.002758282054422095
CYSabcpp	0.002758282054422095
AOBUTDs	0.002758282054422095
CYSDabcpp	0.002758282054422095
APPLDHr	0.002758282054422095
D5KGPA	0.002758282054422095
DACTt3	0.002758282054422095
DHAtpp	0.002758282054422095
DHBSH	0.002758282054422095
DAPAT	0.002758282054422095
ARBt3ipp	0.002758282054422095
ARD_1	0.002758282054422095
DKMPPD	0.002758282054422095
DKMPPD3	0.002758282054422095
DNMPPA	0.002758282054422095
EX_cellb_e	0.002758282054422095
2OH3K5MPPISO	0.002758282054422095
ETOHt2rpp	0.002758282054422095
FCLT	0.002758282054422095
G5SADs	0.002758282054422095
FE3abcpp	0.002758282054422095
FECRMR3	0.002758282054422095
FEENTERR3	0.002758282054422095
GLTPD	0.002758282054422095
H2tpp	0.002758282054422095
HYPOE	0.002758282054422095
INSTt2	0.002758282054422095
K2L4Atex	0.002758282054422095
MDRPD	0.002758282054422095
MELIBt3ipp	0.002758282054422095
MG2t3_2pp	0.002758282054422095
N2Otpp	0.002758282054422095
NACtpp	0.002758282054422095
NADN	0.002758282054422095
NMNN	0.002758282054422095
NMNt7pp	0.002758282054422095
NOtpp	0.002758282054422095
O2tpp	0.002758282054422095
OPHHX3	0.002758282054422095
PACALDt2rpp	0.002758282054422095
PDX5PO2	0.002758282054422095
PDXPP	0.002758282054422095
EX_chol_e	0.002758282054422095
PHEMEtiex	0.002758282054422095
PMANM	0.002758282054422095
PPALtpp	0.002758282054422095
PYDXPP	0.002758282054422095
PYRt2rpp	0.002758282054422095
R1PK	0.002758282054422095
SO2tpp	0.002758282054422095
TDPDRE	0.002758282054422095
TDPDRR	0.002758282054422095
TGBPA	0.002758282054422095
SUCCt3pp	0.002758282054422095
THYMt3pp	0.002758282054422095
EX_ca2_e	0.002758282054422095
ULA4Ntppi	0.002758282054422095
UNK3	0.002758282054422095
UPLA4FNF	0.002758282054422095
UDCPPtppi	0.002758282054422095
EX_12ppd__S_e	0.002758282054422095
EX_13ppd_e	0.002758282054422095
EX_14glucan_e	0.002758282054422095
EX_15dap_e	0.002758282054422095
EX_23camp_e	0.002758282054422095
EX_23ccmp_e	0.002758282054422095
EX_23cgmp_e	0.002758282054422095
EX_cit_e	0.002758282054422095
EX_cl_e	0.002758282054422095
EX_23cump_e	0.002758282054422095
EX_23dappa_e	0.002758282054422095
EX_26dap__M_e	0.002758282054422095
EX_2ddglcn_e	0.002758282054422095
EX_cmp_e	0.002758282054422095
EX_co2_e	0.002758282054422095
EX_34dhpac_e	0.002758282054422095
EX_glyc2p_e	0.002758282054422095
EX_3amp_e	0.002758282054422095
EX_3cmp_e	0.002758282054422095
EX_3gmp_e	0.002758282054422095
EX_3hcinnm_e	0.002758282054422095
EX_3hpppn_e	0.002758282054422095
EX_cobalt2_e	0.002758282054422095
EX_colipa_e	0.002758282054422095
EX_crn_e	0.002758282054422095
EX_csn_e	0.002758282054422095
EX_cu_e	0.002758282054422095
EX_cu2_e	0.002758282054422095
EX_cyan_e	0.002758282054422095
EX_cynt_e	0.002758282054422095
EX_3ump_e	0.002758282054422095
EX_4abut_e	0.002758282054422095
EX_glyc3p_e	0.002758282054422095
EX_4hoxpacd_e	0.002758282054422095
EX_cys__D_e	0.002758282054422095
EX_cys__L_e	0.002758282054422095
EX_cytd_e	0.002758282054422095
EX_glyclt_e	0.002758282054422095
EX_dad_2_e	0.002758282054422095
EX_4hphac_e	0.002758282054422095
EX_gmp_e	0.002758282054422095
EX_5dglcn_e	0.002758282054422095
EX_damp_e	0.002758282054422095
EX_dca_e	0.002758282054422095
EX_LalaDgluMdap_e	0.002758282054422095
EX_dcmp_e	0.002758282054422095
EX_gsn_e	0.002758282054422095
EX_dcyt_e	0.002758282054422095
EX_ddca_e	0.002758282054422095
EX_dgmp_e	0.002758282054422095
EX_dgsn_e	0.002758282054422095
EX_LalaDgluMdapDala_e	0.002758282054422095
EX_abt__D_e	0.002758282054422095
EX_ac_e	0.002758282054422095
EX_acald_e	0.002758282054422095
EX_acgal_e	0.002758282054422095
EX_acgal1p_e	0.002758282054422095
EX_dha_e	0.002758282054422095
EX_gthox_e	0.002758282054422095
EX_diact_e	0.002758282054422095
EX_dimp_e	0.002758282054422095
EX_acgam_e	0.002758282054422095
EX_acgam1p_e	0.002758282054422095
EX_din_e	0.002758282054422095
EX_acmana_e	0.002758282054422095
EX_gthrd_e	0.002758282054422095
EX_acmum_e	0.002758282054422095
EX_dms_e	0.002758282054422095
EX_dmso_e	0.002758282054422095
EX_acolipa_e	0.002758282054422095
EX_dopa_e	0.002758282054422095
EX_gtp_e	0.002758282054422095
EX_dtmp_e	0.002758282054422095
EX_acser_e	0.002758282054422095
EX_dump_e	0.002758282054422095
EX_ade_e	0.002758282054422095
EX_gua_e	0.002758282054422095
EX_adn_e	0.002758282054422095
EX_adocbl_e	0.002758282054422095
EX_duri_e	0.002758282054422095
EX_etha_e	0.002758282054422095
EX_ethso3_e	0.002758282054422095
EX_ag_e	0.002758282054422095
EX_etoh_e	0.002758282054422095
EX_h_e	0.002758282054422095
EX_f6p_e	0.002758282054422095
EX_fald_e	0.002758282054422095
EX_agm_e	0.002758282054422095
EX_akg_e	0.002758282054422095
EX_ala_B_e	0.002758282054422095
EX_ala__D_e	0.002758282054422095
EX_ala__L_e	0.002758282054422095
EX_alaala_e	0.002758282054422095
EX_fe2_e	0.002758282054422095
EX_fe3_e	0.002758282054422095
EX_fe3dhbzs_e	0.002758282054422095
EX_fe3hox_e	0.002758282054422095
EX_fecrm_e	0.002758282054422095
EX_all__D_e	0.002758282054422095
EX_amp_e	0.002758282054422095
EX_feenter_e	0.002758282054422095
EX_anhgm_e	0.002758282054422095
EX_feoxam_e	0.002758282054422095
EX_arab__L_e	0.002758282054422095
EX_h2_e	0.002758282054422095
EX_arg__L_e	0.002758282054422095
EX_for_e	0.002758282054422095
EX_ascb__L_e	0.002758282054422095
EX_fru_e	0.002758282054422095
EX_h2o_e	0.002758282054422095
EX_frulys_e	0.002758282054422095
EX_asn__L_e	0.002758282054422095
EX_aso3_e	0.002758282054422095
EX_h2o2_e	0.002758282054422095
EX_asp__L_e	0.002758282054422095
EX_fruur_e	0.002758282054422095
EX_fuc__L_e	0.002758282054422095
EX_btd_RR_e	0.002758282054422095
EX_h2s_e	0.002758282054422095
EX_but_e	0.002758282054422095
EX_fum_e	0.002758282054422095
EX_g1p_e	0.002758282054422095
EX_butso3_e	0.002758282054422095
EX_hacolipa_e	0.002758282054422095
EX_bz_e	0.002758282054422095
EX_g3pc_e	0.002758282054422095
EX_g3pe_e	0.002758282054422095
EX_halipa_e	0.002758282054422095
EX_g3pg_e	0.002758282054422095
EX_g3pi_e	0.002758282054422095
EX_g3ps_e	0.002758282054422095
EX_pi_e	0.002758282054422095
EX_pnto__R_e	0.002758282054422095
EX_g6p_e	0.002758282054422095
EX_ppa_e	0.002758282054422095
EX_gal_e	0.002758282054422095
EX_hdca_e	0.002758282054422095
EX_gal_bD_e	0.002758282054422095
EX_ppal_e	0.002758282054422095
EX_pppn_e	0.002758282054422095
EX_ppt_e	0.002758282054422095
EX_gal1p_e	0.002758282054422095
EX_hdcea_e	0.002758282054422095
EX_galct__D_e	0.002758282054422095
EX_galctn__D_e	0.002758282054422095
EX_galctn__L_e	0.002758282054422095
EX_galt_e	0.002758282054422095
EX_pro__L_e	0.002758282054422095
EX_progly_e	0.002758282054422095
EX_psclys_e	0.002758282054422095
EX_pser__L_e	0.002758282054422095
EX_galur_e	0.002758282054422095
EX_gam_e	0.002758282054422095
EX_ptrc_e	0.002758282054422095
EX_hg2_e	0.002758282054422095
EX_pyr_e	0.002758282054422095
EX_r5p_e	0.002758282054422095
EX_gam6p_e	0.002758282054422095
EX_gdp_e	0.002758282054422095
EX_rbt_e	0.002758282054422095
EX_his__L_e	0.002758282054422095
EX_rib__D_e	0.002758282054422095
EX_rmn_e	0.002758282054422095
EX_glc__D_e	0.002758282054422095
EX_glcn_e	0.002758282054422095
EX_glcr_e	0.002758282054422095
EX_sbt__D_e	0.002758282054422095
EX_glcur_e	0.002758282054422095
EX_hom__L_e	0.002758282054422095
EX_glcur1p_e	0.002758282054422095
EX_gln__L_e	0.002758282054422095
EX_glu__L_e	0.002758282054422095
EX_gly_e	0.002758282054422095
EX_ser__D_e	0.002758282054422095
EX_ser__L_e	0.002758282054422095
EX_skm_e	0.002758282054422095
EX_so2_e	0.002758282054422095
EX_so3_e	0.002758282054422095
EX_so4_e	0.002758282054422095
EX_glyald_e	0.002758282054422095
EX_glyb_e	0.002758282054422095
EX_spmd_e	0.002758282054422095
EX_hxa_e	0.002758282054422095
EX_succ_e	0.002758282054422095
EX_sucr_e	0.002758282054422095
EX_sulfac_e	0.002758282054422095
EX_glyc_e	0.002758282054422095
EX_glyc__R_e	0.002758282054422095
EX_hxan_e	0.002758282054422095
EX_tartr__L_e	0.002758282054422095
EX_taur_e	0.002758282054422095
EX_tcynt_e	0.002758282054422095
EX_idon__L_e	0.002758282054422095
EX_thm_e	0.002758282054422095
EX_thr__L_e	0.002758282054422095
EX_ile__L_e	0.002758282054422095
EX_thrp_e	0.002758282054422095
EX_thym_e	0.002758282054422095
EX_imp_e	0.002758282054422095
EX_thymd_e	0.002758282054422095
EX_indole_e	0.002758282054422095
EX_tma_e	0.002758282054422095
EX_tmao_e	0.002758282054422095
EX_tre_e	0.002758282054422095
EX_inost_e	0.002758282054422095
EX_trp__L_e	0.002758282054422095
EX_tsul_e	0.002758282054422095
EX_ins_e	0.002758282054422095
EX_ttdca_e	0.002758282054422095
EX_ttdcea_e	0.002758282054422095
EX_isetac_e	0.002758282054422095
EX_tungs_e	0.002758282054422095
EX_tym_e	0.002758282054422095
EX_tyr__L_e	0.002758282054422095
EX_tyrp_e	0.002758282054422095
EX_uacgam_e	0.002758282054422095
EX_udpacgal_e	0.002758282054422095
EX_k_e	0.002758282054422095
EX_udpg_e	0.002758282054422095
EX_udpgal_e	0.002758282054422095
EX_kdo2lipid4_e	0.002758282054422095
EX_udpglcur_e	0.002758282054422095
EX_ump_e	0.002758282054422095
EX_lac__D_e	0.002758282054422095
EX_ura_e	0.002758282054422095
EX_urea_e	0.002758282054422095
EX_lac__L_e	0.002758282054422095
EX_uri_e	0.002758282054422095
EX_val__L_e	0.002758282054422095
EX_lcts_e	0.002758282054422095
EX_xan_e	0.002758282054422095
EX_xmp_e	0.002758282054422095
EX_xtsn_e	0.002758282054422095
EX_leu__L_e	0.002758282054422095
EX_xyl__D_e	0.002758282054422095
EX_xylu__L_e	0.002758282054422095
EX_lipa_e	0.002758282054422095
EX_zn2_e	0.002758282054422095
EX_lipa_cold_e	0.002758282054422095
BIOMASS_	0.002758282054422095
EX_lys__L_e	0.002758282054422095
SK_dna_c	0.002758282054422095
EX_lyx__L_e	0.002758282054422095
SK_dna5mtc_c	0.002758282054422095
EX_mal__D_e	0.002758282054422095
EX_mal__L_e	0.002758282054422095
EX_malt_e	0.002758282054422095
EX_malthx_e	0.002758282054422095
EX_maltpt_e	0.002758282054422095
EX_malttr_e	0.002758282054422095
EX_maltttr_e	0.002758282054422095
EX_man_e	0.002758282054422095
EX_man6p_e	0.002758282054422095
EX_manglyc_e	0.002758282054422095
EX_melib_e	0.002758282054422095
EX_met__D_e	0.002758282054422095
EX_met__L_e	0.002758282054422095
EX_metsox_R__L_e	0.002758282054422095
EX_metsox_S__L_e	0.002758282054422095
EX_mg2_e	0.002758282054422095
EX_mmet_e	0.002758282054422095
EX_mn2_e	0.002758282054422095
EX_mnl_e	0.002758282054422095
EX_mobd_e	0.002758282054422095
EX_mso3_e	0.002758282054422095
EX_n2o_e	0.002758282054422095
EX_na1_e	0.002758282054422095
EX_nac_e	0.002758282054422095
EX_nh4_e	0.002758282054422095
EX_ni2_e	0.002758282054422095
EX_nmn_e	0.002758282054422095
EX_no_e	0.002758282054422095
EX_no2_e	0.002758282054422095
EX_no3_e	0.002758282054422095
EX_o2_e	0.002758282054422095
EX_o2s_e	0.002758282054422095
EX_ocdca_e	0.002758282054422095
EX_ocdcea_e	0.002758282054422095
EX_octa_e	0.002758282054422095
EX_orn_e	0.002758282054422095
EX_orot_e	0.002758282054422095
EX_pacald_e	0.002758282054422095
EX_peamn_e	0.002758282054422095
EX_phe__L_e	0.002758282054422095
EX_pheme_e	0.002758282054422095
